3.055900000000000105e+01
4.894800000000000040e+01
5.018299999999999983e+01
4.805799999999999983e+01
4.319200000000000017e+01
3.868800000000000239e+01
4.445499999999999829e+01
-9.900000000000000355e+00
-1.800000000000000000e+01
5.011000000000000121e+00
-1.798199999999999932e+01
-7.399000000000000021e+00
0.000000000000000000e+00
-5.000000000000000000e+00
3.456099999999999994e+01
3.186199999999999832e+01
3.039999999999999858e+01
3.250099999999999767e+01
3.169999999999999929e+01
2.930000000000000071e+01
3.420000000000000284e+01
3.139999999999999858e+01
2.852199999999999847e+01
2.890299999999999869e+01
2.819999999999999929e+01
3.004200000000000159e+01
3.343599999999999994e+01
3.539999999999999858e+01
2.460000000000000142e+01
3.539999999999999858e+01
1.500000000000000000e+01
3.192000000000000171e+01
3.189000000000000057e+01
3.192000000000000171e+01
3.500600000000000023e+01
3.447599999999999909e+01
3.420700000000000074e+01
1.451600000000000001e+01
1.432900000000000063e+01
2.106099999999999994e+01
2.157499999999999929e+01
2.388800000000000168e+01
2.751699999999999946e+01
3.194999999999999929e+01
2.753699999999999903e+01
2.349599999999999866e+01
2.340899999999999892e+01
3.292199999999999704e+01
1.432900000000000063e+01
2.588800000000000168e+01
2.609100000000000108e+01
2.600700000000000145e+01
2.750000000000000000e+01
3.000000000000000000e+01
2.650000000000000000e+01
3.008999999999999986e+01
2.869999999999999929e+01
2.930000000000000071e+01
2.969999999999999929e+01
2.969999999999999929e+01
3.006500000000000128e+01
3.010000000000000142e+01
3.019999999999999929e+01
2.789999999999999858e+01
3.000000000000000000e+01
2.790700000000000003e+01
2.696799999999999997e+01
2.489999999999999858e+01
2.923199999999999932e+01
2.850000000000000000e+01
2.450000000000000000e+01
2.742099999999999937e+01
2.873900000000000077e+01
2.921699999999999875e+01
2.750400000000000134e+01
2.987999999999999901e+01
2.955000000000000071e+01
2.600000000000000000e+01
2.220299999999999940e+01
1.980199999999999960e+01
1.700199999999999889e+01
1.492300000000000004e+01
1.518299999999999983e+01
1.633200000000000074e+01
1.492600000000000016e+01
2.439600000000000080e+01
1.526200000000000045e+01
2.519999999999999929e+01
2.707999999999999829e+01
2.740099999999999980e+01
0.000000000000000000e+00
1.602599999999999980e+01
1.084200000000000053e+01
3.870000000000000284e+01
4.079999999999999716e+01
3.848400000000000176e+01
4.320400000000000063e+01
3.629999999999999716e+01
4.353099999999999881e+01
4.050300000000000011e+01
3.846099999999999852e+01
3.689999999999999858e+01
4.110499999999999687e+01
3.879999999999999716e+01
4.234599999999999653e+01
3.661099999999999710e+01
3.750000000000000000e+01
4.069400000000000261e+01
4.212599999999999767e+01
3.639999999999999858e+01
4.144299999999999784e+01
3.750000000000000000e+01
4.025099999999999767e+01
3.600000000000000000e+01
4.428699999999999903e+01
4.139999999999999858e+01
4.036899999999999977e+01
3.958400000000000318e+01
4.139200000000000301e+01
3.756099999999999994e+01
3.929800000000000182e+01
0.000000000000000000e+00
4.806099999999999994e+01
4.534400000000000119e+01
4.535099999999999909e+01
4.758400000000000318e+01
4.167699999999999960e+01
4.733500000000000085e+01
4.267399999999999949e+01
4.428300000000000125e+01
4.160000000000000142e+01
4.300000000000000000e+01
4.302000000000000313e+01
4.361899999999999977e+01
5.630400000000000205e+01
4.258899999999999864e+01
5.183100000000000307e+01
4.595799999999999841e+01
4.075399999999999778e+01
5.920000000000000284e+01
5.710000000000000142e+01
6.020000000000000284e+01
4.620000000000000284e+01
3.500000000000000000e+01
3.736299999999999955e+01
3.824199999999999733e+01
3.923499999999999943e+01
4.276400000000000290e+01
6.328300000000000125e+01
6.028300000000000125e+01
6.028300000000000125e+01
5.720000000000000284e+01
5.588300000000000267e+01
5.770000000000000284e+01
4.071999999999999886e+01
3.471399999999999864e+01
3.300000000000000000e+01
3.374900000000000233e+01
3.775500000000000256e+01
4.185000000000000142e+01
3.574099999999999966e+01
4.615899999999999892e+01
4.042300000000000182e+01
5.550000000000000000e+01
5.420000000000000284e+01
5.578300000000000125e+01
5.510000000000000142e+01
5.702600000000000335e+01
4.829999999999999716e+01
4.189999999999999858e+01
4.820000000000000284e+01
4.479999999999999716e+01
4.735300000000000153e+01
3.678499999999999659e+01
4.689999999999999858e+01
3.384000000000000341e+01
3.240299999999999869e+01
3.289999999999999858e+01
4.463900000000000290e+01
3.447999999999999687e+01
3.426200000000000045e+01
3.426500000000000057e+01
3.804699999999999704e+01
6.058400000000000318e+01
6.022699999999999676e+01
3.510099999999999909e+01
3.427300000000000324e+01
5.278499999999999659e+01
3.367399999999999949e+01
5.462910000000000110e+01
5.114099999999999824e+01
5.166299999999999670e+01
5.503099999999999881e+01
5.391100000000000136e+01
5.949799999999999756e+01
5.789200000000000301e+01
5.599000000000000199e+01
5.904999999999999716e+01
5.792399999999999949e+01
6.079899999999999949e+01
5.966799999999999926e+01
5.823700000000000188e+01
5.660000000000000142e+01
5.586800000000000210e+01
3.249099999999999966e+01
4.849399999999999977e+01
4.833599999999999852e+01
4.589300000000000068e+01
5.904899999999999949e+01
5.975999999999999801e+01
5.992499999999999716e+01
3.671699999999999875e+01
5.706900000000000261e+01
5.500300000000000011e+01
3.265899999999999892e+01
4.663799999999999812e+01
5.102000000000000313e+01
5.264999999999999858e+01
4.585699999999999932e+01
4.290299999999999869e+01
-8.490999999999999659e+00
4.266499999999999915e+01
4.966799999999999926e+01
5.529999999999999716e+01
5.763499999999999801e+01
3.933299999999999841e+01
3.246300000000000097e+01
4.799900000000000233e+01
4.879599999999999937e+01
3.245499999999999829e+01
0.000000000000000000e+00
0.000000000000000000e+00
0.000000000000000000e+00
0.000000000000000000e+00
0.000000000000000000e+00
0.000000000000000000e+00
0.000000000000000000e+00
4.260499999999999687e+01
5.662500000000000000e+01
6.758199999999999363e+01
2.740220000000000056e+01
2.344500000000000028e+01
1.705600000000000094e+01
1.928900000000000148e+01
1.760200000000000031e+01
2.039999999999999858e+01
2.135000000000000142e+01
2.039999999999999858e+01
0.000000000000000000e+00
2.355799999999999983e+01
2.431800000000000139e+01
-8.480000000000000426e+00
1.955300000000000082e+01
-9.509999999999999787e+00
-2.330099999999999838e+01
0.000000000000000000e+00
1.372899999999999920e+01
1.926099999999999923e+01
1.186899999999999977e+01
4.051000000000000156e+00
2.078200000000000003e+01
1.298499999999999943e+01
-5.293000000000000149e+00
-3.301899999999999835e+01
9.900000000000000355e+00
1.812999999999999901e+01
1.142999999999999972e+01
8.599999999999999645e+00
5.280000000000000249e+00
7.629999999999999893e+00
6.209999999999999964e+00
5.360000000000000320e+00
5.360000000000000320e+00
8.929999999999999716e+00
8.699999999999999289e+00
6.099999999999999645e+00
8.300000000000000711e+00
4.599999999999999645e+00
4.433299999999999841e+01
2.489999999999999858e+01
4.045000000000000284e+01
5.891499999999999915e+01
5.937800000000000011e+01
6.083899999999999864e+01
2.890599999999999881e+01
2.788299999999999912e+01
4.139699999999999847e+01
4.334199999999999875e+01
2.913599999999999923e+01
3.690500000000000114e+01
3.462199999999999989e+01
2.967200000000000060e+01
4.249399999999999977e+01
4.767499999999999716e+01
4.707900000000000063e+01
3.025000000000000000e+01
6.055299999999999727e+01
2.463800000000000168e+01
3.515299999999999869e+01
3.618399999999999750e+01
3.650000000000000000e+01
2.750000000000000000e+01
2.700000000000000000e+01
2.700000000000000000e+01
5.850000000000000000e+01
5.529999999999999716e+01
2.600000000000000000e+01
5.979999999999999716e+01
3.839999999999999858e+01
2.889999999999999858e+01
2.689999999999999858e+01
2.900000000000000000e+01
5.950000000000000000e+01
4.700000000000000000e+01
3.839999999999999858e+01
2.850000000000000000e+01
8.583000000000000185e+00
3.268399999999999750e+01
5.727199999999999847e+01
5.933200000000000074e+01
3.348499999999999943e+01
2.559100000000000108e+01
2.780000000000000071e+01
2.926699999999999946e+01
4.389000000000000057e+01
4.296699999999999875e+01
2.981899999999999906e+01
2.819999999999999929e+01
2.484400000000000119e+01
4.806000000000000227e+01
4.246500000000000341e+01
4.396900000000000119e+01
4.378399999999999892e+01
2.501200000000000045e+01
2.939999999999999858e+01
6.108200000000000074e+01
4.461299999999999955e+01
5.974199999999999733e+01
4.822299999999999898e+01
2.469300000000000139e+01
6.106000000000000227e+01
3.895499999999999829e+01
2.782600000000000051e+01
3.457699999999999818e+01
4.786699999999999733e+01
2.445599999999999952e+01
2.985699999999999932e+01
4.162899999999999778e+01
4.374900000000000233e+01
2.940800000000000125e+01
4.831799999999999784e+01
3.039999999999999858e+01
2.462800000000000011e+01
2.670400000000000063e+01
2.968299999999999983e+01
4.718399999999999750e+01
4.446699999999999875e+01
3.194999999999999929e+01
4.429999999999999716e+01
3.889900000000000091e+01
4.839200000000000301e+01
2.707199999999999918e+01
4.766199999999999903e+01
5.959000000000000341e+01
6.500900000000000034e+01
2.759900000000000020e+01
2.826000000000000156e+01
2.823499999999999943e+01
2.736199999999999832e+01
2.708500000000000085e+01
2.712099999999999866e+01
2.733899999999999864e+01
2.691199999999999903e+01
2.726699999999999946e+01
2.808500000000000085e+01
2.739600000000000080e+01
2.610399999999999920e+01
2.728600000000000136e+01
2.711499999999999844e+01
0.000000000000000000e+00
3.535999999999999943e+01
2.558999999999999986e+01
0.000000000000000000e+00
3.546000000000000085e+01
1.233999999999999986e+01
-2.620000000000000107e+00
-2.129999999999999893e+00
3.746999999999999886e+01
0.000000000000000000e+00
2.135000000000000142e+01
-9.500000000000000000e+00
-2.100000000000000089e+00
0.000000000000000000e+00
-1.959999999999999964e+00
-1.949999999999999956e+00
1.065000000000000036e+01
2.825700000000000145e+01
4.990400000000000347e+01
3.339999999999999858e+01
2.822100000000000009e+01
2.803399999999999892e+01
2.869500000000000028e+01
2.825199999999999889e+01
-1.144500000000000028e+01
-1.579800000000000004e+01
-4.666499999999999915e+01
-4.682900000000000063e+01
-2.600000000000000000e+01
-1.480000000000000071e+01
-4.485300000000000153e+01
-4.692199999999999704e+01
-1.399099999999999966e+01
-1.502299999999999969e+01
2.737000000000000099e+01
2.730099999999999838e+01
2.733099999999999952e+01
2.735500000000000043e+01
2.734299999999999997e+01
2.720700000000000074e+01
2.732100000000000151e+01
2.886599999999999966e+01
2.852100000000000080e+01
2.910800000000000054e+01
2.719600000000000151e+01
2.822200000000000131e+01
2.822100000000000009e+01
2.873799999999999955e+01
2.722500000000000142e+01
2.824899999999999878e+01
2.819099999999999895e+01
2.683599999999999852e+01
2.715399999999999991e+01
2.690899999999999892e+01
2.726699999999999946e+01
2.686499999999999844e+01
-2.528300000000000125e+01
-8.150000000000000355e+00
-3.259499999999999886e+01
-2.303099999999999881e+01
3.517000000000000171e+01
3.750699999999999790e+01
3.769599999999999795e+01
1.825700000000000145e+01
1.824899999999999878e+01
1.847400000000000020e+01
1.825900000000000034e+01
1.837600000000000122e+01
1.785999999999999943e+01
1.796900000000000119e+01
1.836700000000000088e+01
3.384799999999999898e+01
3.330199999999999960e+01
3.279999999999999716e+01
3.252000000000000313e+01
3.227000000000000313e+01
3.386500000000000199e+01
4.617300000000000182e+01
4.622599999999999909e+01
4.627300000000000324e+01
4.620300000000000296e+01
4.626599999999999824e+01
4.625600000000000023e+01
4.551800000000000068e+01
4.620400000000000063e+01
4.620000000000000284e+01
4.618500000000000227e+01
4.618900000000000006e+01
4.623799999999999955e+01
4.625200000000000244e+01
3.720400000000000063e+01
3.803300000000000125e+01
3.915200000000000102e+01
3.953999999999999915e+01
3.755100000000000193e+01
3.684599999999999653e+01
3.878799999999999670e+01
3.855599999999999739e+01
3.896300000000000097e+01
3.697399999999999665e+01
3.731400000000000006e+01
3.838900000000000290e+01
3.831700000000000017e+01
-5.583000000000000185e+00
2.773199999999999932e+01
2.777899999999999991e+01
2.833999999999999986e+01
2.732600000000000051e+01
2.780099999999999838e+01
2.620700000000000074e+01
2.720700000000000074e+01
2.695799999999999841e+01
2.616300000000000026e+01
2.632400000000000162e+01
4.171399999999999864e+01
4.178300000000000125e+01
4.190299999999999869e+01
4.196800000000000352e+01
4.197899999999999920e+01
4.197599999999999909e+01
4.178099999999999881e+01
4.191199999999999903e+01
2.704100000000000037e+01
2.716900000000000048e+01
2.525400000000000134e+01
2.831099999999999994e+01
2.749800000000000111e+01
2.606299999999999883e+01
2.746399999999999864e+01
2.819300000000000139e+01
2.753800000000000026e+01
2.843299999999999983e+01
2.640399999999999991e+01
2.776500000000000057e+01
2.760099999999999909e+01
2.815299999999999869e+01
2.877199999999999847e+01
2.508399999999999963e+01
2.828500000000000014e+01
3.005799999999999983e+01
2.815599999999999881e+01
2.720400000000000063e+01
2.885000000000000142e+01
4.621399999999999864e+01
3.398799999999999955e+01
3.414200000000000301e+01
3.414099999999999824e+01
3.391100000000000136e+01
3.382999999999999829e+01
3.032900000000000063e+01
3.030799999999999983e+01
3.025100000000000122e+01
3.025799999999999912e+01
3.043700000000000117e+01
3.066700000000000159e+01
3.027899999999999991e+01
2.824299999999999855e+01
2.844099999999999895e+01
3.888300000000000267e+01
3.912199999999999989e+01
3.516999999999999904e+00
6.258000000000000007e+00
1.235100000000000087e+01
1.116099999999999959e+01
2.799299999999999855e+01
2.746600000000000108e+01
2.849099999999999966e+01
2.755399999999999849e+01
2.835399999999999920e+01
4.226200000000000045e+01
4.425200000000000244e+01
4.424000000000000199e+01
4.286800000000000210e+01
4.299300000000000210e+01
4.250000000000000000e+01
4.250500000000000256e+01
4.907500000000000284e+01
4.687700000000000244e+01
4.753499999999999659e+01
4.726299999999999812e+01
4.644299999999999784e+01
4.726700000000000301e+01
4.450200000000000244e+01
4.246300000000000097e+01
4.378499999999999659e+01
4.853499999999999659e+01
4.554500000000000171e+01
4.953799999999999670e+01
4.325200000000000244e+01
5.078999999999999915e+01
6.117999999999999972e+01
4.273700000000000188e+01
4.494500000000000028e+01
5.322999999999999687e+01
5.186999999999999744e+01
4.242999999999999972e+01
4.965200000000000102e+01
4.354200000000000159e+01
6.197500000000000142e+01
4.450000000000000000e+01
4.623299999999999699e+01
4.604999999999999716e+01
5.900000000000000000e+01
4.376700000000000301e+01
4.341700000000000159e+01
5.092999999999999972e+01
4.835499999999999687e+01
4.990699999999999648e+01
4.973799999999999955e+01
4.864800000000000324e+01
5.243699999999999761e+01
4.884400000000000119e+01
5.436699999999999733e+01
4.934000000000000341e+01
5.182800000000000296e+01
5.383299999999999841e+01
5.361699999999999733e+01
5.391499999999999915e+01
5.242499999999999716e+01
5.138300000000000267e+01
5.416499999999999915e+01
4.883500000000000085e+01
5.087500000000000000e+01
5.251500000000000057e+01
7.034999999999999432e+01
1.959400000000000119e+01
1.917399999999999949e+01
1.920400000000000063e+01
-3.835999999999999943e+01
2.547800000000000153e+01
2.511899999999999977e+01
2.508699999999999974e+01
2.502700000000000102e+01
2.526599999999999824e+01
2.517800000000000082e+01
2.542200000000000060e+01
2.570200000000000173e+01
2.529700000000000060e+01
2.517999999999999972e+01
2.537800000000000011e+01
2.516700000000000159e+01
2.462699999999999889e+01
2.525400000000000134e+01
2.542399999999999949e+01
2.505300000000000082e+01
2.548400000000000176e+01
2.521399999999999864e+01
2.517599999999999838e+01
2.555600000000000094e+01
2.528399999999999892e+01
2.498199999999999932e+01
2.523499999999999943e+01
2.510600000000000165e+01
2.533800000000000097e+01
2.491799999999999926e+01
2.535200000000000031e+01
2.515500000000000114e+01
2.521300000000000097e+01
2.541000000000000014e+01
2.521699999999999875e+01
2.558699999999999974e+01
2.571000000000000085e+01
2.507199999999999918e+01
2.523199999999999932e+01
2.706599999999999895e+01
2.638400000000000034e+01
2.638500000000000156e+01
2.719500000000000028e+01
2.805799999999999983e+01
2.831400000000000006e+01
2.944099999999999895e+01
2.890899999999999892e+01
2.978399999999999892e+01
2.912099999999999866e+01
2.842899999999999849e+01
2.863400000000000034e+01
2.781899999999999906e+01
2.720400000000000063e+01
2.783999999999999986e+01
2.762500000000000000e+01
2.730399999999999849e+01
2.857700000000000173e+01
2.693900000000000006e+01
2.793400000000000105e+01
2.852100000000000080e+01
2.808500000000000085e+01
2.864300000000000068e+01
2.929599999999999937e+01
2.728900000000000148e+01
2.822100000000000009e+01
2.772700000000000031e+01
2.683299999999999841e+01
2.911599999999999966e+01
2.859900000000000020e+01
2.808299999999999841e+01
2.816000000000000014e+01
2.735399999999999920e+01
2.947800000000000153e+01
2.924800000000000111e+01
2.946699999999999875e+01
2.922899999999999920e+01
2.826999999999999957e+01
2.917999999999999972e+01
2.912300000000000111e+01
2.786199999999999832e+01
2.907400000000000162e+01
2.733299999999999841e+01
2.893499999999999872e+01
4.317799999999999727e+01
4.498400000000000176e+01
4.398799999999999955e+01
4.173400000000000176e+01
4.506000000000000227e+01
4.191599999999999682e+01
4.172899999999999920e+01
4.322699999999999676e+01
4.304500000000000171e+01
4.240100000000000335e+01
4.503499999999999659e+01
4.182600000000000051e+01
2.773000000000000043e+01
2.751399999999999935e+01
4.077799999999999869e+01
4.105499999999999972e+01
-2.047299999999999898e+01
-2.674299999999999855e+01
4.261699999999999733e+01
4.648799999999999955e+01
6.569799999999999329e+01
4.175500000000000256e+01
6.254999999999999893e+00
2.079899999999999949e+01
5.000000000000000278e-02
-3.153800000000000026e+01
-2.288200000000000145e+01
-1.135999999999999899e+00
6.410000000000000142e-01
1.969900000000000162e+01
1.969900000000000162e+01
1.515700000000000003e+01
1.793900000000000006e+01
2.609199999999999875e+01
1.778399999999999892e+01
3.836800000000000210e+01
4.812299999999999756e+01
4.811500000000000199e+01
4.813100000000000023e+01
4.810000000000000142e+01
4.772999999999999687e+01
3.311999999999999744e+01
4.030199999999999960e+01
3.960099999999999909e+01
3.881600000000000250e+01
0.000000000000000000e+00
0.000000000000000000e+00
3.019000000000000128e+01
0.000000000000000000e+00
0.000000000000000000e+00
0.000000000000000000e+00
0.000000000000000000e+00
1.714999999999999858e+01
2.712199999999999989e+01
2.735399999999999920e+01
2.729299999999999926e+01
2.730399999999999849e+01
2.216199999999999903e+01
3.722999999999999687e+01
3.479999999999999716e+01
3.400000000000000000e+01
3.477000000000000313e+01
3.753000000000000114e+01
3.635000000000000142e+01
3.307999999999999829e+01
3.625000000000000000e+01
4.198299999999999699e+01
4.289999999999999858e+01
4.170199999999999818e+01
4.239600000000000080e+01
2.850100000000000122e+01
2.842599999999999838e+01
2.876999999999999957e+01
2.817500000000000071e+01
2.874699999999999989e+01
2.871199999999999974e+01
4.117499999999999716e+01
4.114999999999999858e+01
4.107399999999999807e+01
4.104899999999999949e+01
4.109899999999999665e+01
4.112500000000000000e+01
4.097299999999999898e+01
4.094800000000000040e+01
4.102400000000000091e+01
4.099799999999999756e+01
2.888500000000000156e+01
2.905300000000000082e+01
2.944099999999999895e+01
3.026699999999999946e+01
2.951699999999999946e+01
2.886700000000000088e+01
3.031500000000000128e+01
2.925499999999999901e+01
2.918799999999999883e+01
2.918700000000000117e+01
2.681899999999999906e+01
2.772599999999999909e+01
2.772599999999999909e+01
2.746399999999999864e+01
5.960199999999999676e+01
5.992699999999999960e+01
5.828600000000000136e+01
5.819800000000000040e+01
5.509899999999999665e+01
5.297200000000000131e+01
5.834599999999999653e+01
5.777900000000000347e+01
2.811799999999999855e+01
2.745799999999999841e+01
2.784700000000000131e+01
3.670000000000000284e+01
3.683500000000000085e+01
3.675000000000000000e+01
3.668999999999999773e+01
5.312700000000000244e+01
5.346900000000000119e+01
5.113000000000000256e+01
5.500000000000000000e+01
5.140999999999999659e+01
5.303999999999999915e+01
1.653300000000000125e+01
1.448000000000000043e+01
1.489400000000000013e+01
1.590000000000000036e+01
1.459999999999999964e+01
1.584999999999999964e+01
4.339999999999999858e+01
4.210199999999999676e+01
4.850000000000000000e+01
4.908200000000000074e+01
4.540299999999999869e+01
4.727000000000000313e+01
4.696900000000000119e+01
2.489900000000000091e+01
2.818400000000000105e+01
2.600600000000000023e+01
2.748699999999999832e+01
3.679999999999999716e+01
2.826699999999999946e+01
2.837800000000000011e+01
2.839399999999999835e+01
2.762500000000000000e+01
2.830099999999999838e+01
4.088300000000000267e+01
4.113799999999999812e+01
4.095600000000000307e+01
4.126299999999999812e+01
4.130599999999999739e+01
8.904999999999999361e+00
3.263600000000000279e+01
3.252300000000000324e+01
3.255899999999999750e+01
4.201800000000000068e+01
4.202700000000000102e+01
2.978600000000000136e+01
2.979100000000000037e+01
4.305899999999999750e+01
3.878099999999999881e+01
3.878099999999999881e+01
4.849600000000000222e+01
4.334499999999999886e+01
4.328199999999999648e+01
3.757099999999999795e+01
4.333800000000000097e+01
3.335999999999999943e+01
3.911399999999999721e+01
3.908899999999999864e+01
3.681799999999999784e+01
3.681499999999999773e+01
3.681099999999999994e+01
3.819500000000000028e+01
4.313400000000000034e+01
3.035699999999999932e+01
3.721600000000000108e+01
3.035900000000000176e+01
3.801599999999999824e+01
2.966700000000000159e+01
2.965800000000000125e+01
5.960099999999999909e+01
4.203600000000000136e+01
3.954800000000000182e+01
3.953499999999999659e+01
3.950800000000000267e+01
1.794399999999999906e+01
1.792999999999999972e+01
1.795599999999999952e+01
5.960199999999999676e+01
3.945100000000000051e+01
2.798000000000000043e+01
2.813200000000000145e+01
4.157800000000000296e+01
4.163700000000000045e+01
3.334799999999999898e+01
3.334899999999999665e+01
3.415500000000000114e+01
3.415599999999999881e+01
4.138199999999999790e+01
4.137800000000000011e+01
4.846399999999999864e+01
4.855599999999999739e+01
4.667199999999999704e+01
2.602700000000000102e+01
2.605000000000000071e+01
3.818399999999999750e+01
3.141799999999999926e+01
3.141799999999999926e+01
3.908500000000000085e+01
3.800099999999999767e+01
4.204599999999999937e+01
5.944100000000000250e+01
3.820000000000000284e+01
4.329599999999999937e+01
4.331700000000000017e+01
3.256799999999999784e+01
3.257500000000000284e+01
4.155199999999999960e+01
4.158200000000000074e+01
4.332000000000000028e+01
4.334499999999999886e+01
4.333700000000000330e+01
3.041700000000000159e+01
3.042099999999999937e+01
3.741400000000000148e+01
3.395499999999999829e+01
1.058300000000000018e+01
1.443299999999999983e+01
1.750000000000000000e+01
2.019999999999999929e+01
5.638799999999999812e+01
3.080000000000000071e+01
2.819500000000000028e+01
2.767599999999999838e+01
2.771199999999999974e+01
3.239999999999999858e+01
5.000000000000000000e+01
2.801500000000000057e+01
2.850900000000000034e+01
4.376200000000000045e+01
4.233100000000000307e+01
4.252199999999999847e+01
4.318099999999999739e+01
4.357000000000000028e+01
4.371500000000000341e+01
4.405599999999999739e+01
4.410600000000000165e+01
4.489000000000000057e+01
4.520000000000000284e+01
4.349099999999999966e+01
4.363300000000000267e+01
3.777199999999999847e+01
3.935699999999999932e+01
5.186099999999999710e+01
4.262100000000000222e+01
5.689800000000000324e+01
4.433100000000000307e+01
2.944999999999999929e+01
6.123799999999999955e+01
3.891499999999999915e+01
3.898299999999999699e+01
2.972400000000000020e+01
1.344400000000000084e+01
4.620700000000000074e+01
4.439200000000000301e+01
5.223199999999999932e+01
1.845700000000000074e+01
1.759100000000000108e+01
4.070100000000000051e+01
4.008200000000000074e+01
3.237400000000000233e+01
3.471699999999999875e+01
4.063900000000000290e+01
4.235499999999999687e+01
3.821999999999999886e+01
3.019200000000000017e+01
3.019000000000000128e+01
3.039300000000000068e+01
3.926700000000000301e+01
4.170400000000000063e+01
4.117399999999999949e+01
3.898700000000000188e+01
4.287800000000000011e+01
2.978900000000000148e+01
4.152400000000000091e+01
3.857399999999999807e+01
2.976800000000000068e+01
2.993299999999999983e+01
4.365599999999999881e+01
3.696699999999999875e+01
2.766300000000000026e+01
4.174600000000000222e+01
4.465699999999999648e+01
4.335099999999999909e+01
1.833500000000000085e+01
3.952700000000000102e+01
1.774800000000000111e+01
3.278099999999999881e+01
3.692600000000000193e+01
4.886299999999999955e+01
1.830099999999999838e+01
3.896800000000000352e+01
4.172999999999999687e+01
4.154200000000000159e+01
3.840200000000000102e+01
4.171699999999999875e+01
6.055799999999999983e+01
3.688799999999999812e+01
4.464200000000000301e+01
2.797800000000000153e+01
3.958200000000000074e+01
3.035600000000000165e+01
3.038700000000000045e+01
3.696200000000000330e+01
3.805599999999999739e+01
4.599300000000000210e+01
3.618399999999999750e+01
4.677600000000000335e+01
4.760199999999999676e+01
2.937300000000000111e+01
5.819299999999999784e+01
2.948100000000000165e+01
4.217199999999999704e+01
2.792000000000000171e+01
1.809400000000000119e+01
4.176400000000000290e+01
2.894300000000000139e+01
3.022800000000000153e+01
2.664699999999999847e+01
4.180700000000000216e+01
3.203499999999999659e+01
2.894800000000000040e+01
3.067500000000000071e+01
4.854500000000000171e+01
3.234000000000000341e+01
4.170400000000000063e+01
2.955199999999999960e+01
4.169599999999999795e+01
3.921900000000000119e+01
4.300699999999999790e+01
3.780599999999999739e+01
2.998199999999999932e+01
4.774900000000000233e+01
2.926500000000000057e+01
2.935699999999999932e+01
3.023000000000000043e+01
2.928500000000000014e+01
2.931099999999999994e+01
3.034799999999999898e+01
4.076700000000000301e+01
3.520900000000000318e+01
4.277300000000000324e+01
4.620400000000000063e+01
4.384599999999999653e+01
3.446900000000000119e+01
3.400800000000000267e+01
3.271399999999999864e+01
1.973000000000000043e+01
5.705199999999999960e+01
3.421300000000000097e+01
5.829800000000000182e+01
5.773100000000000165e+01
5.533100000000000307e+01
5.506199999999999761e+01
2.089499999999999957e+01
4.081099999999999994e+01
3.716499999999999915e+01
2.003699999999999903e+01
8.731999999999999318e+00
4.446500000000000341e+01
2.455600000000000094e+01
3.005000000000000071e+01
1.831800000000000139e+01
4.791299999999999670e+01
3.022400000000000020e+01
4.394700000000000273e+01
3.286699999999999733e+01
2.661299999999999955e+01
3.779500000000000171e+01
4.610600000000000165e+01
4.506300000000000239e+01
1.769500000000000028e+01
3.037900000000000134e+01
4.648599999999999710e+01
3.878300000000000125e+01
3.799499999999999744e+01
4.577700000000000102e+01
3.052700000000000102e+01
4.297500000000000142e+01
3.064900000000000091e+01
4.654599999999999937e+01
2.791400000000000148e+01
1.796999999999999886e+01
2.968199999999999861e+01
1.808999999999999986e+01
4.509599999999999653e+01
3.677799999999999869e+01
2.143299999999999983e+01
2.758099999999999952e+01
3.980899999999999750e+01
4.154399999999999693e+01
3.365599999999999881e+01
2.766100000000000136e+01
4.104800000000000182e+01
3.660499999999999687e+01
3.039799999999999969e+01
3.803499999999999659e+01
4.013700000000000045e+01
4.836699999999999733e+01
3.039999999999999858e+01
4.307699999999999818e+01
6.068299999999999983e+01
4.136099999999999710e+01
6.450000000000000000e+01
2.613200000000000145e+01
-1.427999999999999936e+01
3.440500000000000114e+01
4.128499999999999659e+01
3.002700000000000102e+01
4.128300000000000125e+01
4.150399999999999778e+01
2.195400000000000063e+01
4.470199999999999818e+01
3.070499999999999829e+01
3.780400000000000205e+01
3.832800000000000296e+01
3.371999999999999886e+01
3.781099999999999994e+01
5.293999999999999773e+01
3.780100000000000193e+01
2.130300000000000082e+01
2.785800000000000054e+01
3.579599999999999937e+01
4.346399999999999864e+01
5.943999999999999773e+01
3.015200000000000102e+01
3.021300000000000097e+01
3.040399999999999991e+01
3.805599999999999739e+01
3.374799999999999756e+01
1.342800000000000082e+01
3.993299999999999983e+01
2.917899999999999849e+01
5.624699999999999989e+01
2.763800000000000168e+01
5.599000000000000199e+01
4.596800000000000352e+01
3.036799999999999855e+01
4.273899999999999721e+01
3.813400000000000034e+01
3.790599999999999881e+01
7.040000000000000568e+01
3.373299999999999699e+01
3.799600000000000222e+01
3.803999999999999915e+01
4.490500000000000114e+01
3.516899999999999693e+01
2.893199999999999861e+01
4.269100000000000250e+01
4.812500000000000000e+01
3.021300000000000097e+01
4.163799999999999812e+01
4.648499999999999943e+01
2.606099999999999994e+01
3.067099999999999937e+01
4.811099999999999710e+01
3.779800000000000182e+01
3.780299999999999727e+01
4.158599999999999852e+01
3.034299999999999997e+01
4.626400000000000290e+01
3.792300000000000182e+01
2.802400000000000091e+01
4.326899999999999835e+01
6.757500000000000284e+01
3.955799999999999983e+01
4.065699999999999648e+01
3.753799999999999670e+01
3.750699999999999790e+01
2.776099999999999923e+01
4.462500000000000000e+01
2.792299999999999827e+01
2.972800000000000153e+01
3.285699999999999932e+01
3.271399999999999864e+01
4.046699999999999875e+01
2.986799999999999855e+01
1.845899999999999963e+01
3.930499999999999972e+01
5.945000000000000284e+01
3.832099999999999795e+01
3.400800000000000267e+01
5.533599999999999852e+01
2.821499999999999986e+01
6.011999999999999744e+01
4.650099999999999767e+01
3.694299999999999784e+01
3.921300000000000097e+01
4.727600000000000335e+01
4.726700000000000301e+01
2.966799999999999926e+01
4.169400000000000261e+01
4.555499999999999972e+01
4.670700000000000074e+01
2.792800000000000082e+01
4.001200000000000045e+01
2.841600000000000037e+01
2.792899999999999849e+01
2.968900000000000006e+01
3.034799999999999898e+01
5.388000000000000256e+01
3.803799999999999670e+01
2.573100000000000165e+01
2.471099999999999852e+01
5.712500000000000000e+01
6.112500000000000000e+01
3.760799999999999699e+01
1.929100000000000037e+01
3.887299999999999756e+01
3.028200000000000003e+01
3.041700000000000159e+01
3.697699999999999676e+01
4.332000000000000028e+01
3.422800000000000153e+01
3.761500000000000199e+01
4.628499999999999659e+01
4.690400000000000347e+01
3.032600000000000051e+01
5.954800000000000182e+01
3.725099999999999767e+01
3.722699999999999676e+01
0.000000000000000000e+00
0.000000000000000000e+00
0.000000000000000000e+00
0.000000000000000000e+00
0.000000000000000000e+00
5.845499999999999829e+01
5.600099999999999767e+01
5.819899999999999807e+01
5.897099999999999653e+01
5.605700000000000216e+01
5.820300000000000296e+01
5.841100000000000136e+01
5.827700000000000102e+01
5.817699999999999960e+01
4.172999999999999687e+01
4.460799999999999699e+01
4.164600000000000080e+01
4.682699999999999818e+01
4.405499999999999972e+01
4.519800000000000040e+01
4.247099999999999653e+01
4.185600000000000165e+01
4.565800000000000125e+01
4.561899999999999977e+01
4.465299999999999869e+01
4.668399999999999750e+01
4.401800000000000068e+01
4.521099999999999852e+01
4.717900000000000205e+01
4.774499999999999744e+01
4.258899999999999864e+01
4.641700000000000159e+01
4.401700000000000301e+01
4.746699999999999875e+01
4.424799999999999756e+01
4.608700000000000330e+01
4.529099999999999682e+01
4.686999999999999744e+01
4.727600000000000335e+01
4.679200000000000159e+01
4.535699999999999932e+01
4.342000000000000171e+01
4.338799999999999812e+01
4.381000000000000227e+01
4.209799999999999898e+01
4.727799999999999869e+01
4.471300000000000097e+01
4.656300000000000239e+01
4.520199999999999818e+01
4.425399999999999778e+01
4.675999999999999801e+01
4.236099999999999710e+01
4.234499999999999886e+01
4.198100000000000165e+01
3.366100000000000136e+01
4.185900000000000176e+01
4.140100000000000335e+01
3.410699999999999932e+01
3.355199999999999960e+01
4.334100000000000108e+01
4.326299999999999812e+01
3.433500000000000085e+01
4.326200000000000045e+01
4.464200000000000301e+01
2.166900000000000048e+01
2.141400000000000148e+01
2.078800000000000026e+01
2.128099999999999881e+01
2.101800000000000068e+01
1.978099999999999881e+01
2.147700000000000031e+01
1.335399999999999920e+01
7.089000000000000412e+00
1.368299999999999983e+01
1.526699999999999946e+01
2.660200000000000031e+01
2.651999999999999957e+01
1.963299999999999912e+01
1.200000000000000000e+01
2.100000000000000000e+01
1.500000000000000000e+01
8.000000000000000000e+00
0.000000000000000000e+00
-1.000000000000000000e+01
0.000000000000000000e+00
-6.000000000000000000e+00
-6.000000000000000000e+00
0.000000000000000000e+00
4.000000000000000000e+00
-8.000000000000000000e+00
-1.400000000000000000e+01
-1.900000000000000000e+01
4.000000000000000000e+00
0.000000000000000000e+00
1.200000000000000000e+01
2.000000000000000000e+01
5.829999999999999716e+01
5.350000000000000000e+01
5.379999999999999716e+01
5.389999999999999858e+01
5.400000000000000000e+01
5.300000000000000000e+01
5.400000000000000000e+01
5.300000000000000000e+01
5.339999999999999858e+01
5.310199999999999676e+01
5.379999999999999716e+01
5.760199999999999676e+01
5.360000000000000142e+01
5.370000000000000284e+01
5.360000000000000142e+01
5.720100000000000051e+01
5.400000000000000000e+01
5.720100000000000051e+01
6.100000000000000000e+01
5.950000000000000000e+01
6.110199999999999676e+01
6.100000000000000000e+01
6.139999999999999858e+01
1.848000000000000043e+01
1.833500000000000085e+01
1.821799999999999997e+01
1.797299999999999898e+01
1.815299999999999869e+01
1.805499999999999972e+01
4.218599999999999994e+01
2.613299999999999912e+01
3.789099999999999824e+01
3.293599999999999994e+01
-2.770499999999999829e+01
3.372099999999999653e+01
3.448400000000000176e+01
3.070899999999999963e+01
2.839999999999999858e+01
2.755099999999999838e+01
1.776899999999999835e+01
1.768400000000000105e+01
2.733999999999999986e+01
4.058500000000000085e+01
3.702300000000000324e+01
4.096900000000000119e+01
3.691499999999999915e+01
3.625500000000000256e+01
4.450000000000000000e+01
4.685799999999999699e+01
4.075300000000000011e+01
4.029399999999999693e+01
3.794599999999999795e+01
3.520400000000000063e+01
3.433299999999999841e+01
3.416700000000000159e+01
3.445799999999999841e+01
3.322099999999999653e+01
3.389699999999999847e+01
3.385499999999999687e+01
3.361800000000000210e+01
3.345900000000000318e+01
3.317900000000000205e+01
3.292999999999999972e+01
3.284799999999999898e+01
3.263199999999999790e+01
3.431700000000000017e+01
4.376700000000000301e+01
3.362299999999999756e+01
3.274699999999999989e+01
3.253000000000000114e+01
3.410000000000000142e+01
3.257200000000000273e+01
3.676100000000000279e+01
3.778600000000000136e+01
3.375999999999999801e+01
3.634199999999999875e+01
3.662599999999999767e+01
3.300300000000000011e+01
3.321999999999999886e+01
4.621500000000000341e+01
4.088799999999999812e+01
3.425099999999999767e+01
3.775300000000000011e+01
4.613300000000000267e+01
3.382099999999999795e+01
3.403399999999999892e+01
3.376200000000000045e+01
3.357800000000000296e+01
3.286800000000000210e+01
2.109600000000000009e+01
2.228600000000000136e+01
-1.426500000000000057e+01
3.286699999999999733e+01
7.037000000000000455e+01
7.087399999999999523e+01
7.150199999999999534e+01
7.087099999999999511e+01
7.038700000000000045e+01
2.754599999999999937e+01
2.779500000000000171e+01
2.817000000000000171e+01
2.906500000000000128e+01
2.815399999999999991e+01
2.612900000000000134e+01
2.815599999999999881e+01
2.817500000000000071e+01
2.827799999999999869e+01
2.817599999999999838e+01
2.801200000000000045e+01
2.773100000000000165e+01
2.757000000000000028e+01
2.817999999999999972e+01
2.612999999999999901e+01
2.844900000000000162e+01
2.818599999999999994e+01
5.395100000000000051e+01
0.000000000000000000e+00
0.000000000000000000e+00
0.000000000000000000e+00
0.000000000000000000e+00
2.879100000000000037e+01
2.866199999999999903e+01
3.153399999999999892e+01
3.137500000000000000e+01
3.163299999999999912e+01
3.265200000000000102e+01
3.365500000000000114e+01
2.644200000000000017e+01
7.087500000000000000e+01
3.938000000000000256e+01
3.909000000000000341e+01
3.960999999999999943e+01
4.020900000000000318e+01
4.011999999999999744e+01
2.896199999999999974e+01
2.898199999999999932e+01
2.619099999999999895e+01
2.621699999999999875e+01
2.789000000000000057e+01
2.789600000000000080e+01
2.793900000000000006e+01
2.835099999999999909e+01
2.884199999999999875e+01
2.963500000000000156e+01
2.774699999999999989e+01
2.822700000000000031e+01
2.729700000000000060e+01
2.956299999999999883e+01
2.811400000000000077e+01
2.871000000000000085e+01
2.930000000000000071e+01
2.930199999999999960e+01
2.959499999999999886e+01
2.748499999999999943e+01
2.907600000000000051e+01
2.976500000000000057e+01
2.972599999999999909e+01
2.782199999999999918e+01
2.783200000000000074e+01
2.775000000000000000e+01
2.763400000000000034e+01
2.607199999999999918e+01
2.844600000000000151e+01
2.655900000000000105e+01
2.986700000000000088e+01
2.626200000000000045e+01
2.951500000000000057e+01
2.680099999999999838e+01
2.783999999999999986e+01
2.775300000000000011e+01
2.840700000000000003e+01
2.877100000000000080e+01
2.781500000000000128e+01
2.864000000000000057e+01
2.760800000000000054e+01
2.759100000000000108e+01
0.000000000000000000e+00
2.874299999999999855e+01
3.620000000000000284e+01
3.976899999999999835e+01
3.853699999999999903e+01
3.618900000000000006e+01
3.591199999999999903e+01
3.833800000000000097e+01
3.395300000000000296e+01
4.479399999999999693e+01
4.172999999999999687e+01
4.209000000000000341e+01
4.414600000000000080e+01
4.522999999999999687e+01
5.059000000000000341e+01
4.871999999999999886e+01
5.000000000000000000e+01
5.100000000000000000e+01
4.989999999999999858e+01
5.542000000000000171e+01
5.010199999999999676e+01
5.350000000000000000e+01
4.754999999999999716e+01
5.221999999999999886e+01
5.160199999999999676e+01
5.110199999999999676e+01
5.039999999999999858e+01
5.907000000000000028e+01
6.048299999999999699e+01
3.575000000000000000e+01
4.294200000000000017e+01
7.002599999999999625e+01
2.128800000000000026e+01
3.859000000000000341e+01
4.478900000000000148e+01
4.504800000000000182e+01
4.476700000000000301e+01
4.397699999999999676e+01
4.685999999999999943e+01
4.681000000000000227e+01
4.279800000000000182e+01
3.578499999999999659e+01
3.480100000000000193e+01
4.776100000000000279e+01
4.728000000000000114e+01
4.780299999999999727e+01
4.737500000000000000e+01
4.742199999999999704e+01
4.790699999999999648e+01
4.310000000000000142e+01
4.479999999999999716e+01
3.004200000000000159e+01
4.503199999999999648e+01
3.687199999999999989e+01
3.723599999999999710e+01
3.724399999999999977e+01
3.722200000000000131e+01
3.724600000000000222e+01
2.835999999999999943e+01
2.797500000000000142e+01
2.820899999999999963e+01
-1.937600000000000122e+01
-1.971300000000000097e+01
1.482499999999999929e+01
2.458099999999999952e+01
1.482499999999999929e+01
2.276599999999999824e+01
