1.521260000000000048e+02
1.782630000000000052e+02
1.718470000000000084e+02
1.635049999999999955e+02
1.571419999999999959e+02
1.487690000000000055e+02
1.557359999999999900e+02
-1.052000000000000028e+02
-8.509999999999999432e+01
-9.083599999999999852e+01
-8.634099999999999397e+01
-9.350400000000000489e+01
0.000000000000000000e+00
-1.100000000000000000e+02
-7.263100000000000023e+01
-7.483499999999999375e+01
-8.009999999999999432e+01
-7.909900000000000375e+01
-7.970000000000000284e+01
-7.740000000000000568e+01
-7.650000000000000000e+01
-8.086799999999999500e+01
-8.018800000000000239e+01
-7.846399999999999864e+01
-8.009999999999999432e+01
-8.053400000000000603e+01
-7.774299999999999500e+01
-7.529999999999999716e+01
-7.650000000000000000e+01
-7.509999999999999432e+01
-7.500000000000000000e+01
-8.084999999999999432e+01
-8.085999999999999943e+01
-8.093000000000000682e+01
-7.540200000000000102e+01
-7.728000000000000114e+01
-7.694899999999999807e+01
-5.302400000000000091e+01
-4.608200000000000074e+01
-6.496599999999999397e+01
-5.862500000000000000e+01
-6.836499999999999488e+01
-7.148300000000000409e+01
-6.949699999999999989e+01
-6.294500000000000028e+01
-6.731999999999999318e+01
-6.390599999999999881e+01
-7.246599999999999397e+01
-4.608200000000000074e+01
-8.965800000000000125e+01
-9.375799999999999557e+01
-8.564799999999999613e+01
-8.550000000000000000e+01
-8.590000000000000568e+01
-9.600000000000000000e+01
-8.876900000000000546e+01
-9.529999999999999716e+01
-8.750000000000000000e+01
-9.340000000000000568e+01
-9.350000000000000000e+01
-8.755500000000000682e+01
-8.820000000000000284e+01
-8.809999999999999432e+01
-9.090000000000000568e+01
-8.820000000000000284e+01
-9.535299999999999443e+01
-9.669400000000000261e+01
-8.040000000000000568e+01
-9.441299999999999670e+01
-8.451699999999999591e+01
-8.140000000000000568e+01
-9.255500000000000682e+01
-8.600600000000000023e+01
-8.820610000000000639e+01
-9.046200000000000330e+01
-8.831999999999999318e+01
-8.850000000000000000e+01
-8.773000000000000398e+01
-9.400000000000000000e+01
-8.485699999999999932e+01
-8.150100000000000477e+01
-7.491800000000000637e+01
-6.747799999999999443e+01
-6.324000000000000199e+01
-7.504600000000000648e+01
-8.193399999999999750e+01
-6.822700000000000387e+01
-8.700000000000000000e+01
-8.571399999999999864e+01
-8.567100000000000648e+01
0.000000000000000000e+00
-1.069969999999999999e+02
-1.001370000000000005e+02
-7.359999999999999432e+01
-6.850000000000000000e+01
-7.043300000000000693e+01
-6.912800000000000011e+01
-7.540000000000000568e+01
-7.014400000000000546e+01
-6.924800000000000466e+01
-7.470300000000000296e+01
-7.570000000000000284e+01
-6.659999999999999432e+01
-7.459999999999999432e+01
-7.065099999999999625e+01
-7.484199999999999875e+01
-7.340000000000000568e+01
-7.204800000000000182e+01
-6.962999999999999545e+01
-7.520000000000000284e+01
-7.018699999999999761e+01
-7.440000000000000568e+01
-7.316400000000000148e+01
-7.350000000000000000e+01
-6.730700000000000216e+01
-7.107999999999999829e+01
-7.370300000000000296e+01
-7.259999999999999432e+01
-7.100400000000000489e+01
-5.000099999999999767e+01
-7.065900000000000603e+01
0.000000000000000000e+00
-8.779300000000000637e+01
-8.641100000000000136e+01
-8.284000000000000341e+01
-8.658700000000000330e+01
-8.239799999999999613e+01
-8.979300000000000637e+01
-8.702599999999999625e+01
-8.241599999999999682e+01
-8.200000000000000000e+01
-8.779999999999999716e+01
-8.626999999999999602e+01
-7.740500000000000114e+01
-1.479199999999999875e+02
-1.304739999999999895e+02
-1.558499999999999943e+02
-1.310000000000000000e+02
-1.374639999999999986e+02
-1.526999999999999886e+02
-1.516999999999999886e+02
-1.468000000000000114e+02
-1.242000000000000028e+02
-1.209920000000000044e+02
-1.228810000000000002e+02
-1.233010000000000019e+02
-1.239740000000000038e+02
-1.248319999999999936e+02
-1.703000000000000114e+02
-1.723000000000000114e+02
-1.770000000000000000e+02
-1.703000000000000114e+02
-1.680000000000000000e+02
-1.600000000000000000e+02
-1.245310000000000059e+02
-1.209669999999999987e+02
-1.192000000000000028e+02
-1.190529999999999973e+02
-1.228389999999999986e+02
-1.243810000000000002e+02
-1.218840000000000003e+02
-1.245139999999999958e+02
-1.245250000000000057e+02
-1.616829999999999927e+02
-1.658000000000000114e+02
-1.598000000000000114e+02
-1.630999999999999943e+02
-1.777379999999999995e+02
-1.338000000000000114e+02
-1.244000000000000057e+02
-1.234000000000000057e+02
-1.242999999999999972e+02
-1.247309999999999945e+02
-1.224689999999999941e+02
-1.242000000000000028e+02
-1.184500000000000028e+02
-1.195360000000000014e+02
-1.179000000000000057e+02
-1.245340000000000060e+02
-1.206899999999999977e+02
-1.198790000000000049e+02
-1.204770000000000039e+02
-1.299689999999999941e+02
-1.467839999999999918e+02
-1.468340000000000032e+02
-1.210100000000000051e+02
-1.206989999999999981e+02
-1.550469999999999970e+02
-1.202120000000000033e+02
1.678454999999999870e+02
1.791189999999999998e+02
-1.721620000000000061e+02
-1.720010000000000048e+02
-1.608060000000000116e+02
-1.479830000000000041e+02
-1.542909999999999968e+02
-1.526399999999999864e+02
-1.522299999999999898e+02
-1.498650000000000091e+02
-1.482630000000000052e+02
-1.433919999999999959e+02
-1.379859999999999900e+02
-1.361009999999999991e+02
-1.424919999999999902e+02
-1.180349999999999966e+02
-1.247279999999999944e+02
-1.231590000000000060e+02
-1.258190000000000026e+02
-1.522330000000000041e+02
-1.520900000000000034e+02
-1.479919999999999902e+02
-1.223499999999999943e+02
-1.777500000000000000e+02
1.752839999999999918e+02
-1.206299999999999955e+02
-1.707899999999999920e+02
-1.640709999999999980e+02
-1.569430000000000121e+02
-1.287359999999999900e+02
-1.309089999999999918e+02
-1.250220000000000056e+02
-1.288060000000000116e+02
-1.698880000000000052e+02
-1.485149999999999864e+02
-1.437860000000000014e+02
-1.270819999999999936e+02
-1.205660000000000025e+02
-1.742270000000000039e+02
-1.296189999999999998e+02
-1.205570000000000022e+02
0.000000000000000000e+00
0.000000000000000000e+00
0.000000000000000000e+00
0.000000000000000000e+00
0.000000000000000000e+00
0.000000000000000000e+00
0.000000000000000000e+00
-1.288969999999999914e+02
-1.361479999999999961e+02
-1.641850000000000023e+02
-1.517980000000000018e+02
-1.622789999999999964e+02
-1.578029999999999973e+02
-1.605689999999999884e+02
-1.523950000000000102e+02
-1.560999999999999943e+02
-1.569300000000000068e+02
-1.570999999999999943e+02
-1.539130000000000109e+02
-1.539000000000000057e+02
-1.622309999999999945e+02
-1.250270000000000010e+02
-1.565459999999999923e+02
-1.762410000000000139e+02
-1.682909999999999968e+02
0.000000000000000000e+00
-1.446680000000000064e+02
1.557539999999999907e+02
1.540389999999999873e+02
1.456200000000000045e+02
1.323480000000000132e+02
1.321839999999999975e+02
1.650020000000000095e+02
-1.729629999999999939e+02
1.396999999999999886e+02
1.457700000000000102e+02
1.623499999999999943e+02
1.496699999999999875e+02
1.536500000000000057e+02
1.551599999999999966e+02
1.606999999999999886e+02
1.629600000000000080e+02
1.629600000000000080e+02
1.657500000000000000e+02
1.711999999999999886e+02
1.720999999999999943e+02
1.375000000000000000e+02
1.686999999999999886e+02
-7.593300000000000693e+01
-8.059999999999999432e+01
-7.379999999999999716e+01
-1.519519999999999982e+02
-1.533480000000000132e+02
-1.468839999999999861e+02
-8.942900000000000205e+01
-9.090000000000000568e+01
-7.103300000000000125e+01
-1.243750000000000000e+02
-8.302899999999999636e+01
-7.571299999999999386e+01
-7.652500000000000568e+01
-8.535699999999999932e+01
-7.935399999999999920e+01
-1.244849999999999994e+02
-9.072799999999999443e+01
-8.807500000000000284e+01
-1.521370000000000005e+02
-8.286199999999999477e+01
-7.529699999999999704e+01
-7.574500000000000455e+01
-7.350000000000000000e+01
-8.800000000000000000e+01
-8.600000000000000000e+01
-8.429999999999999716e+01
-1.410000000000000000e+02
-1.570000000000000000e+02
-8.479999999999999716e+01
-1.420000000000000000e+02
-7.429999999999999716e+01
-8.829999999999999716e+01
-8.459999999999999432e+01
-8.559999999999999432e+01
-1.423000000000000114e+02
-1.309000000000000057e+02
-7.429999999999999716e+01
-9.000000000000000000e+01
1.445829999999999984e+02
-7.988700000000000045e+01
-1.336299999999999955e+02
-1.519950000000000045e+02
-7.759000000000000341e+01
-8.009699999999999420e+01
-9.309999999999999432e+01
-8.995699999999999363e+01
-7.645000000000000284e+01
-7.062300000000000466e+01
-8.359300000000000352e+01
-8.909999999999999432e+01
-8.086400000000000432e+01
-1.165000000000000000e+02
-8.275499999999999545e+01
-6.812800000000000011e+01
-6.885500000000000398e+01
-8.037600000000000477e+01
-8.859999999999999432e+01
-1.466620000000000061e+02
-1.240669999999999931e+02
-1.494699999999999989e+02
-8.836599999999999966e+01
-8.277299999999999613e+01
-1.466999999999999886e+02
-1.237409999999999997e+02
-9.705100000000000193e+01
-1.206479999999999961e+02
-8.931300000000000239e+01
-8.187699999999999534e+01
-8.126500000000000057e+01
-8.284099999999999397e+01
-8.769299999999999784e+01
-8.485800000000000409e+01
-1.228430000000000035e+02
-8.140000000000000568e+01
-8.111199999999999477e+01
-7.899500000000000455e+01
-9.403300000000000125e+01
-8.722499999999999432e+01
-7.579999999999999716e+01
-8.068000000000000682e+01
-7.598300000000000409e+01
-7.643600000000000705e+01
-1.247349999999999994e+02
-8.245300000000000296e+01
-1.224360000000000070e+02
-1.518170000000000073e+02
-1.694029999999999916e+02
-9.229800000000000182e+01
-8.888500000000000512e+01
-8.899500000000000455e+01
-9.018099999999999739e+01
-9.079399999999999693e+01
-9.192199999999999704e+01
-9.446999999999999886e+01
-9.154099999999999682e+01
-9.080899999999999750e+01
-8.798600000000000421e+01
-9.030500000000000682e+01
-9.205400000000000205e+01
-9.095699999999999363e+01
-9.080200000000000671e+01
0.000000000000000000e+00
-4.188000000000000256e+01
-5.414000000000000057e+01
0.000000000000000000e+00
-4.928999999999999915e+01
1.355800000000000125e+02
1.660999999999999943e+02
1.710699999999999932e+02
1.593400000000000034e+02
0.000000000000000000e+00
1.426599999999999966e+02
-1.755200000000000102e+02
1.717599999999999909e+02
0.000000000000000000e+00
1.610900000000000034e+02
1.779799999999999898e+02
1.077699999999999960e+02
-8.927400000000000091e+01
-1.452429999999999950e+02
-1.196509999999999962e+02
-8.961599999999999966e+01
-8.910099999999999909e+01
-8.793099999999999739e+01
-8.962199999999999989e+01
1.136069999999999993e+02
1.583990000000000009e+02
1.610010000000000048e+02
1.602560000000000002e+02
1.760000000000000000e+02
1.535800000000000125e+02
1.617280000000000086e+02
1.605620000000000118e+02
1.100969999999999942e+02
1.179419999999999931e+02
-8.992400000000000659e+01
-9.013500000000000512e+01
-8.986799999999999500e+01
-8.979699999999999704e+01
-9.009699999999999420e+01
-9.028300000000000125e+01
-9.053600000000000136e+01
-8.805599999999999739e+01
-8.828900000000000148e+01
-8.794400000000000261e+01
-9.002700000000000102e+01
-8.853300000000000125e+01
-8.853300000000000125e+01
-8.836599999999999966e+01
-9.003199999999999648e+01
-8.882800000000000296e+01
-8.849599999999999511e+01
-9.320099999999999341e+01
-9.031000000000000227e+01
-9.330500000000000682e+01
-9.003300000000000125e+01
-9.366100000000000136e+01
-4.493299999999999983e+01
-3.456700000000000017e+01
-5.135300000000000153e+01
-4.308800000000000097e+01
-1.207409999999999997e+02
-1.221170000000000044e+02
-1.221919999999999931e+02
-6.500400000000000489e+01
-6.476300000000000523e+01
-6.609900000000000375e+01
-6.545699999999999363e+01
-6.728000000000000114e+01
-6.652400000000000091e+01
-6.704399999999999693e+01
-6.725100000000000477e+01
-7.848199999999999932e+01
-7.813700000000000045e+01
-7.962000000000000455e+01
-7.934000000000000341e+01
-8.040000000000000568e+01
-7.850700000000000500e+01
-1.241269999999999953e+02
-1.239549999999999983e+02
-1.237669999999999959e+02
-1.239519999999999982e+02
-1.240379999999999967e+02
-1.239819999999999993e+02
-1.226689999999999969e+02
-1.237590000000000003e+02
-1.239410000000000025e+02
-1.231880000000000024e+02
-1.239189999999999969e+02
-1.234680000000000035e+02
-1.235340000000000060e+02
-7.677800000000000580e+01
-7.633599999999999852e+01
-7.639100000000000534e+01
-7.607299999999999329e+01
-7.625700000000000500e+01
-7.629800000000000182e+01
-7.703600000000000136e+01
-7.641500000000000625e+01
-7.644799999999999329e+01
-7.604600000000000648e+01
-7.719100000000000250e+01
-7.652599999999999625e+01
-7.645099999999999341e+01
1.183300000000000018e+01
-9.111100000000000421e+01
-9.051900000000000546e+01
-8.826600000000000534e+01
-9.071399999999999864e+01
-8.964199999999999591e+01
-9.144299999999999784e+01
-9.073799999999999955e+01
-9.343800000000000239e+01
-9.284699999999999420e+01
-9.109799999999999898e+01
-8.752700000000000102e+01
-8.757299999999999329e+01
-8.762199999999999989e+01
-8.763700000000000045e+01
-8.764900000000000091e+01
-8.764799999999999613e+01
-8.757299999999999329e+01
-8.762399999999999523e+01
-9.225199999999999534e+01
-8.292000000000000171e+01
-8.221999999999999886e+01
-8.330599999999999739e+01
-8.372100000000000364e+01
-8.307299999999999329e+01
-8.421899999999999409e+01
-8.278900000000000148e+01
-8.273900000000000432e+01
-8.266700000000000159e+01
-8.188100000000000023e+01
-8.264900000000000091e+01
-8.275900000000000034e+01
-8.280100000000000193e+01
-8.270699999999999363e+01
-8.109600000000000364e+01
-8.273300000000000409e+01
-8.429099999999999682e+01
-8.275799999999999557e+01
-9.220300000000000296e+01
-8.847199999999999420e+01
-1.236200000000000045e+02
-7.736299999999999955e+01
-7.772100000000000364e+01
-7.770900000000000318e+01
-7.814700000000000557e+01
-7.848000000000000398e+01
-8.782899999999999352e+01
-8.814000000000000057e+01
-8.807800000000000296e+01
-8.821299999999999386e+01
-8.801099999999999568e+01
-8.793600000000000705e+01
-8.755599999999999739e+01
-8.882800000000000296e+01
-8.823900000000000432e+01
-7.518300000000000693e+01
-7.525600000000000023e+01
-7.773699999999999477e+01
-7.751099999999999568e+01
-7.221800000000000352e+01
-7.468099999999999739e+01
-9.032599999999999341e+01
-9.030500000000000682e+01
-8.899699999999999989e+01
-8.836100000000000421e+01
-8.781999999999999318e+01
-6.199799999999999756e+01
-5.363300000000000267e+01
-5.710300000000000153e+01
-5.146699999999999875e+01
-5.795799999999999841e+01
-6.403300000000000125e+01
-6.401800000000000068e+01
-6.082200000000000273e+01
-6.200000000000000000e+01
-6.452700000000000102e+01
-5.734100000000000108e+01
-5.339200000000000301e+01
-5.733500000000000085e+01
-6.340299999999999869e+01
-8.121500000000000341e+01
-7.686799999999999500e+01
-8.695300000000000296e+01
-8.101500000000000057e+01
-6.570999999999999375e+01
-7.953499999999999659e+01
-9.673300000000000409e+01
-1.153149999999999977e+02
-7.929000000000000625e+01
-8.062699999999999534e+01
-9.829000000000000625e+01
-9.696999999999999886e+01
-8.268300000000000693e+01
-9.450199999999999534e+01
-8.207500000000000284e+01
-1.141280000000000001e+02
-7.936700000000000443e+01
-7.971500000000000341e+01
-8.263700000000000045e+01
-9.400000000000000000e+01
-7.898300000000000409e+01
-7.963299999999999557e+01
-1.360949999999999989e+02
-1.339379999999999882e+02
-1.249849999999999994e+02
-1.279320000000000022e+02
-1.234950000000000045e+02
-1.297949999999999875e+02
-1.260100000000000051e+02
-1.324430000000000121e+02
-1.237270000000000039e+02
-1.312249999999999943e+02
-1.288319999999999936e+02
-1.311049999999999898e+02
-1.388499999999999943e+02
-1.297920000000000016e+02
-1.287669999999999959e+02
-1.342820000000000107e+02
-1.259980000000000047e+02
-1.299149999999999920e+02
-1.326920000000000073e+02
-1.330000000000000000e+02
-9.637900000000000489e+01
-9.609300000000000352e+01
-9.611299999999999955e+01
1.481100000000000136e+02
-8.098900000000000432e+01
-8.083400000000000318e+01
-8.051900000000000546e+01
-8.068099999999999739e+01
-8.116200000000000614e+01
-8.043800000000000239e+01
-8.094199999999999307e+01
-8.118600000000000705e+01
-8.101300000000000523e+01
-8.048999999999999488e+01
-8.102899999999999636e+01
-8.080100000000000193e+01
-8.287199999999999989e+01
-8.044400000000000261e+01
-8.106000000000000227e+01
-8.090399999999999636e+01
-8.113299999999999557e+01
-8.043200000000000216e+01
-8.063299999999999557e+01
-8.116899999999999693e+01
-8.089400000000000546e+01
-8.082599999999999341e+01
-8.045699999999999363e+01
-8.094199999999999307e+01
-8.091100000000000136e+01
-8.074699999999999989e+01
-8.109999999999999432e+01
-8.072199999999999420e+01
-8.053300000000000125e+01
-8.096399999999999864e+01
-8.065000000000000568e+01
-8.104399999999999693e+01
-8.124899999999999523e+01
-8.073499999999999943e+01
-8.093800000000000239e+01
-9.206000000000000227e+01
-9.136599999999999966e+01
-9.196599999999999397e+01
-9.002700000000000102e+01
-9.587199999999999989e+01
-9.562000000000000455e+01
-9.297899999999999920e+01
-9.330200000000000671e+01
-9.329999999999999716e+01
-8.954699999999999704e+01
-9.287800000000000011e+01
-9.148900000000000432e+01
-9.432299999999999329e+01
-9.220300000000000296e+01
-9.198799999999999955e+01
-9.044100000000000250e+01
-9.353799999999999670e+01
-9.497599999999999909e+01
-9.468899999999999295e+01
-9.366899999999999693e+01
-8.828900000000000148e+01
-8.798600000000000421e+01
-8.979399999999999693e+01
-8.884199999999999875e+01
-9.673600000000000421e+01
-8.961499999999999488e+01
-9.619100000000000250e+01
-9.693999999999999773e+01
-9.187099999999999511e+01
-9.120600000000000307e+01
-9.081900000000000261e+01
-9.066599999999999682e+01
-9.462500000000000000e+01
-9.363800000000000523e+01
-8.844100000000000250e+01
-9.236799999999999500e+01
-8.778100000000000591e+01
-9.226399999999999579e+01
-9.452100000000000080e+01
-9.020199999999999818e+01
-8.044499999999999318e+01
-8.792700000000000671e+01
-9.059900000000000375e+01
-8.796599999999999397e+01
-8.636100000000000421e+01
-8.326900000000000546e+01
-8.359900000000000375e+01
-8.169799999999999329e+01
-8.342400000000000659e+01
-8.757200000000000273e+01
-8.691200000000000614e+01
-8.633899999999999864e+01
-8.787999999999999545e+01
-8.628799999999999670e+01
-8.319400000000000261e+01
-8.319400000000000261e+01
-9.110899999999999466e+01
-9.037600000000000477e+01
-1.241959999999999980e+02
-1.241470000000000056e+02
-7.342900000000000205e+01
-7.398300000000000409e+01
1.525829999999999984e+02
1.583429999999999893e+02
-2.477799999999999869e+01
-8.696800000000000352e+01
8.879200000000000159e+01
6.534699999999999420e+01
9.189900000000000091e+01
-4.986200000000000188e+01
-4.313199999999999790e+01
-8.176500000000000057e+01
-8.126200000000000045e+01
-8.006100000000000705e+01
-8.006000000000000227e+01
1.457700000000000102e+02
-6.705200000000000671e+01
-8.010899999999999466e+01
-6.476200000000000045e+01
-7.699599999999999511e+01
-1.233949999999999960e+02
-1.230319999999999965e+02
-1.227480000000000047e+02
-1.227300000000000040e+02
-1.226460000000000008e+02
1.336200000000000045e+02
1.461920000000000073e+02
1.457990000000000066e+02
1.455949999999999989e+02
0.000000000000000000e+00
0.000000000000000000e+00
1.415099999999999909e+02
0.000000000000000000e+00
0.000000000000000000e+00
0.000000000000000000e+00
0.000000000000000000e+00
1.232999999999999972e+02
-9.195900000000000318e+01
-9.462500000000000000e+01
-9.096800000000000352e+01
-9.353799999999999670e+01
3.850000000000000000e+01
1.260199999999999960e+02
1.257699999999999960e+02
1.275000000000000000e+02
1.289000000000000057e+02
1.300000000000000000e+02
1.297800000000000011e+02
1.260300000000000011e+02
1.257500000000000000e+02
-8.661700000000000443e+01
-8.627200000000000557e+01
-8.326099999999999568e+01
-8.633100000000000307e+01
-8.976900000000000546e+01
-8.907500000000000284e+01
-8.883400000000000318e+01
-8.875600000000000023e+01
-8.836100000000000421e+01
-8.820699999999999363e+01
-7.318500000000000227e+01
-7.317199999999999704e+01
-7.313400000000000034e+01
-7.312099999999999511e+01
-7.314700000000000557e+01
-7.315900000000000603e+01
-7.308299999999999841e+01
-7.306999999999999318e+01
-7.310800000000000409e+01
-7.309499999999999886e+01
-9.002500000000000568e+01
-9.053300000000000125e+01
-9.206100000000000705e+01
-8.901699999999999591e+01
-9.154999999999999716e+01
-9.048300000000000409e+01
-9.028100000000000591e+01
-9.066400000000000148e+01
-9.066500000000000625e+01
-9.060800000000000409e+01
-9.059399999999999409e+01
-9.073000000000000398e+01
-9.073099999999999454e+01
-9.243300000000000693e+01
-1.514170000000000016e+02
-1.413590000000000089e+02
-1.343899999999999864e+02
-1.342570000000000050e+02
-1.311819999999999879e+02
-1.688549999999999898e+02
-1.347520000000000095e+02
-1.352189999999999941e+02
-9.367000000000000171e+01
-9.086700000000000443e+01
-9.071899999999999409e+01
-1.223780000000000001e+02
-1.218990000000000009e+02
-1.220300000000000011e+02
-1.224099999999999966e+02
-1.119999999999999929e+01
-5.418000000000000149e+00
-1.033000000000000007e+01
-1.000000000000000000e+01
-6.419999999999999929e+00
-1.552999999999999936e+01
-6.140400000000000347e+01
-6.109599999999999653e+01
-6.111299999999999955e+01
-5.788300000000000267e+01
-5.620100000000000051e+01
-5.746699999999999875e+01
7.799999999999999822e+00
4.703000000000000291e+00
-5.599999999999999645e+00
-2.217999999999999972e+00
-8.508799999999999386e+01
-8.860699999999999932e+01
-8.839799999999999613e+01
-8.386799999999999500e+01
-8.395600000000000307e+01
-8.399099999999999966e+01
-8.398699999999999477e+01
-1.217879999999999967e+02
-8.839900000000000091e+01
-8.945999999999999375e+01
-8.946500000000000341e+01
-9.044100000000000250e+01
-8.812699999999999534e+01
-7.372799999999999443e+01
-7.265500000000000114e+01
-7.357999999999999829e+01
-7.206699999999999307e+01
-7.207699999999999818e+01
8.853700000000000614e+01
-8.036599999999999966e+01
-8.035699999999999932e+01
-8.045399999999999352e+01
-7.391700000000000159e+01
-7.392600000000000193e+01
-8.487500000000000000e+01
-8.488400000000000034e+01
-7.082999999999999829e+01
-7.671399999999999864e+01
-7.670799999999999841e+01
-1.225010000000000048e+02
-1.243289999999999935e+02
-1.243199999999999932e+02
-7.688400000000000034e+01
-1.243209999999999980e+02
-7.916800000000000637e+01
-7.549899999999999523e+01
-7.543699999999999761e+01
-1.217390000000000043e+02
-1.217379999999999995e+02
-1.217789999999999964e+02
-1.220330000000000013e+02
-7.091100000000000136e+01
-8.846299999999999386e+01
-7.639300000000000068e+01
-8.842000000000000171e+01
-1.225090000000000003e+02
-8.125700000000000500e+01
-8.123300000000000409e+01
-1.514099999999999966e+02
-7.392499999999999716e+01
-7.446099999999999852e+01
-7.446399999999999864e+01
-7.433799999999999386e+01
-6.623799999999999955e+01
-6.621099999999999852e+01
-6.622299999999999898e+01
-1.514089999999999918e+02
-7.627500000000000568e+01
-9.702899999999999636e+01
-9.703400000000000603e+01
-7.132099999999999795e+01
-7.133899999999999864e+01
-7.919100000000000250e+01
-7.918899999999999295e+01
-7.784999999999999432e+01
-7.785099999999999909e+01
-8.251399999999999579e+01
-8.250799999999999557e+01
-1.224689999999999941e+02
-1.225300000000000011e+02
-9.213599999999999568e+01
-8.173399999999999466e+01
-8.170099999999999341e+01
-1.220139999999999958e+02
-8.129600000000000648e+01
-8.129600000000000648e+01
-7.546099999999999852e+01
-1.224599999999999937e+02
-7.391100000000000136e+01
-1.517210000000000036e+02
-1.220259999999999962e+02
-1.243110000000000070e+02
-1.243220000000000027e+02
-1.171310000000000002e+02
-1.171269999999999953e+02
-7.054900000000000659e+01
-7.052500000000000568e+01
-7.056300000000000239e+01
-7.054900000000000659e+01
-7.054900000000000659e+01
-8.782299999999999329e+01
-8.782800000000000296e+01
-7.671200000000000330e+01
-7.793500000000000227e+01
8.928300000000000125e+01
8.933299999999999841e+01
8.978300000000000125e+01
6.733299999999999841e+01
-1.346370000000000005e+02
-8.031600000000000250e+01
-8.963599999999999568e+01
-9.253400000000000603e+01
-9.078600000000000136e+01
1.445999999999999943e+02
-1.450000000000000000e+02
-8.875100000000000477e+01
-8.803100000000000591e+01
-6.998799999999999955e+01
-6.590699999999999648e+01
-7.056600000000000250e+01
-7.042799999999999727e+01
-7.006000000000000227e+01
-6.935800000000000409e+01
-6.899699999999999989e+01
-6.810899999999999466e+01
-6.701999999999999602e+01
-6.601999999999999602e+01
-6.787999999999999545e+01
-6.654999999999999716e+01
-1.222999999999999972e+02
-7.441800000000000637e+01
-1.766370000000000005e+02
-8.252700000000000102e+01
-1.542470000000000141e+02
-7.593399999999999750e+01
-9.133799999999999386e+01
-1.498899999999999864e+02
-1.237109999999999985e+02
-7.647899999999999920e+01
-8.498000000000000398e+01
1.446570000000000107e+02
-1.237680000000000007e+02
-6.820399999999999352e+01
-1.741730000000000018e+02
-6.716500000000000625e+01
-6.182099999999999795e+01
-7.401399999999999579e+01
-7.487000000000000455e+01
-6.470099999999999341e+01
-7.667100000000000648e+01
-7.414600000000000080e+01
-7.104999999999999716e+01
-7.603900000000000148e+01
-8.169199999999999307e+01
-9.330100000000000193e+01
-8.152299999999999613e+01
-7.657899999999999352e+01
-7.117400000000000659e+01
-7.318099999999999739e+01
-7.511299999999999955e+01
-7.889000000000000057e+01
-9.042000000000000171e+01
-7.067100000000000648e+01
-7.606900000000000261e+01
-9.334300000000000352e+01
-9.013500000000000512e+01
-7.024599999999999511e+01
-7.611400000000000432e+01
-8.261799999999999500e+01
-1.241839999999999975e+02
-6.720499999999999829e+01
-1.243370000000000033e+02
-6.492000000000000171e+01
-7.581000000000000227e+01
-6.469899999999999807e+01
-7.992400000000000659e+01
-7.600700000000000500e+01
-1.227590000000000003e+02
-6.530200000000000671e+01
-7.495999999999999375e+01
-8.753799999999999670e+01
-8.163700000000000045e+01
-7.638500000000000512e+01
-7.134499999999999886e+01
-1.457520000000000095e+02
-7.633899999999999864e+01
-6.729699999999999704e+01
-8.283199999999999363e+01
-7.558899999999999864e+01
-8.856699999999999307e+01
-8.155899999999999750e+01
-7.642400000000000659e+01
-1.222639999999999958e+02
-8.389799999999999613e+01
-7.574599999999999511e+01
-9.209199999999999875e+01
-1.223379999999999939e+02
-9.138400000000000034e+01
-1.363470000000000084e+02
-9.491700000000000159e+01
-8.009799999999999898e+01
-8.244199999999999307e+01
-6.547100000000000364e+01
-8.128100000000000591e+01
-9.530200000000000671e+01
-8.802400000000000091e+01
-8.187099999999999511e+01
-7.140099999999999625e+01
-8.090300000000000580e+01
-9.530800000000000693e+01
-8.146500000000000341e+01
-1.230120000000000005e+02
-8.045999999999999375e+01
-7.116400000000000148e+01
-9.230500000000000682e+01
-7.118000000000000682e+01
-7.652800000000000580e+01
-8.242199999999999704e+01
-1.224659999999999940e+02
-8.163400000000000034e+01
-9.034099999999999397e+01
-8.995799999999999841e+01
-9.472499999999999432e+01
-8.898199999999999932e+01
-9.478799999999999670e+01
-9.479200000000000159e+01
-8.908700000000000330e+01
-1.242169999999999987e+02
-7.570399999999999352e+01
-8.621299999999999386e+01
-1.239509999999999934e+02
-8.264300000000000068e+01
-1.206820000000000022e+02
-1.185000000000000000e+02
-1.171770000000000067e+02
-1.550560000000000116e+02
-1.353420000000000130e+02
-7.778600000000000136e+01
-1.344110000000000014e+02
-1.525109999999999957e+02
-1.316250000000000000e+02
-1.623269999999999982e+02
-1.564689999999999941e+02
-7.376500000000000057e+01
-7.598799999999999955e+01
-1.558290000000000077e+02
1.677340000000000089e+02
-8.749599999999999511e+01
-8.180800000000000693e+01
-9.036799999999999500e+01
-6.472400000000000375e+01
-1.246370000000000005e+02
-9.322199999999999420e+01
-8.644100000000000250e+01
-1.172570000000000050e+02
-8.003400000000000603e+01
-1.222810000000000059e+02
-1.229539999999999935e+02
-8.342900000000000205e+01
-6.475400000000000489e+01
-8.144599999999999795e+01
-8.430200000000000671e+01
-7.511899999999999977e+01
-7.646500000000000341e+01
-8.472100000000000364e+01
-8.808599999999999852e+01
-8.241899999999999693e+01
-8.805800000000000693e+01
-8.737900000000000489e+01
-8.242499999999999716e+01
-6.704600000000000648e+01
-9.498499999999999943e+01
-6.793899999999999295e+01
-8.759000000000000341e+01
-7.630200000000000671e+01
-1.577899999999999920e+02
-9.721699999999999875e+01
-7.541500000000000625e+01
-8.273099999999999454e+01
-7.891599999999999682e+01
-8.259399999999999409e+01
-7.195900000000000318e+01
-1.218889999999999958e+02
-8.142799999999999727e+01
-1.221250000000000000e+02
-7.475199999999999534e+01
-1.246140000000000043e+02
-8.162699999999999534e+01
-7.901399999999999579e+01
-1.513990000000000009e+02
-7.209000000000000341e+01
-1.654300000000000068e+02
-8.180700000000000216e+01
-1.706879999999999882e+02
-1.196919999999999931e+02
-7.009600000000000364e+01
-9.011299999999999955e+01
-7.290800000000000125e+01
-7.132599999999999341e+01
-1.593530000000000086e+02
-7.549399999999999977e+01
-8.804000000000000625e+01
-1.223409999999999940e+02
-7.509099999999999397e+01
-1.182729999999999961e+02
-1.223329999999999984e+02
-1.688700000000000045e+02
-1.223299999999999983e+02
-1.578650000000000091e+02
-8.255299999999999727e+01
-7.554800000000000182e+01
-7.651099999999999568e+01
-1.517199999999999989e+02
-8.566700000000000159e+01
-8.587999999999999545e+01
-8.721099999999999852e+01
-1.220390000000000015e+02
-1.182680000000000007e+02
1.447959999999999923e+02
-7.514199999999999591e+01
-8.925900000000000034e+01
-1.346469999999999914e+02
-8.256199999999999761e+01
-1.605620000000000118e+02
-8.586899999999999977e+01
-8.856300000000000239e+01
-1.244980000000000047e+02
-7.653300000000000125e+01
-1.223649999999999949e+02
-1.485269999999999868e+02
-1.181860000000000070e+02
-1.229770000000000039e+02
-1.218870000000000005e+02
-6.698300000000000409e+01
-1.207540000000000049e+02
-8.940699999999999648e+01
-7.904800000000000182e+01
-1.234410000000000025e+02
-8.850499999999999545e+01
-7.134000000000000341e+01
-8.463100000000000023e+01
-9.721500000000000341e+01
-8.803100000000000591e+01
-1.227600000000000051e+02
-1.223930000000000007e+02
-1.223970000000000056e+02
-7.140699999999999648e+01
-8.851099999999999568e+01
-8.419100000000000250e+01
-1.224099999999999966e+02
-9.704800000000000182e+01
-7.762600000000000477e+01
-1.640670000000000073e+02
-7.557200000000000273e+01
-7.406499999999999773e+01
-7.601399999999999579e+01
-1.222120000000000033e+02
-8.262699999999999534e+01
-1.240450000000000017e+02
-8.244499999999999318e+01
-9.387000000000000455e+01
-7.970699999999999363e+01
-1.171740000000000066e+02
-7.400900000000000034e+01
-8.967300000000000182e+01
-6.611599999999999966e+01
-7.537699999999999534e+01
-1.353269999999999982e+02
-7.645199999999999818e+01
-1.185000000000000000e+02
-1.605020000000000095e+02
-1.773609999999999900e+02
-1.494269999999999925e+02
-8.437199999999999989e+01
-7.632899999999999352e+01
-7.624399999999999977e+01
-1.224180000000000064e+02
-1.224129999999999967e+02
-9.123699999999999477e+01
-8.347299999999999898e+01
-1.239189999999999969e+02
-1.239669999999999987e+02
-8.243200000000000216e+01
-7.504300000000000637e+01
-8.059300000000000352e+01
-8.242600000000000193e+01
-9.384199999999999875e+01
-8.850499999999999545e+01
-1.665370000000000061e+02
-1.221209999999999951e+02
-8.016200000000000614e+01
-8.110699999999999932e+01
-1.702849999999999966e+02
-1.463609999999999900e+02
-7.568600000000000705e+01
1.666179999999999950e+02
-7.702100000000000080e+01
-8.936700000000000443e+01
-8.782500000000000284e+01
-7.631499999999999773e+01
-7.056300000000000239e+01
-7.795399999999999352e+01
-7.629000000000000625e+01
-8.420999999999999375e+01
-1.241050000000000040e+02
-8.932599999999999341e+01
-1.397330000000000041e+02
-7.634199999999999875e+01
-7.647899999999999920e+01
0.000000000000000000e+00
0.000000000000000000e+00
0.000000000000000000e+00
0.000000000000000000e+00
0.000000000000000000e+00
-1.358890000000000100e+02
-1.341359999999999957e+02
-1.366399999999999864e+02
-1.352210000000000036e+02
-1.326970000000000027e+02
-1.341479999999999961e+02
-1.349550000000000125e+02
-1.343890000000000100e+02
-1.352589999999999861e+02
-8.690999999999999659e+01
-8.743300000000000693e+01
-8.714700000000000557e+01
-8.772700000000000387e+01
-8.651399999999999579e+01
-8.735999999999999943e+01
-8.287699999999999534e+01
-8.760899999999999466e+01
-8.446399999999999864e+01
-8.665999999999999659e+01
-8.790099999999999625e+01
-8.597199999999999420e+01
-8.353700000000000614e+01
-8.554999999999999716e+01
-8.824099999999999966e+01
-9.034600000000000364e+01
-8.780899999999999750e+01
-8.665000000000000568e+01
-8.279999999999999716e+01
-8.788299999999999557e+01
-8.634600000000000364e+01
-8.544400000000000261e+01
-8.697700000000000387e+01
-8.932999999999999829e+01
-8.852800000000000580e+01
-9.138599999999999568e+01
-8.349200000000000443e+01
-8.254000000000000625e+01
-8.786700000000000443e+01
-8.371999999999999886e+01
-8.649399999999999977e+01
-9.126999999999999602e+01
-8.327299999999999613e+01
-9.043699999999999761e+01
-8.712099999999999511e+01
-8.344899999999999807e+01
-8.496999999999999886e+01
-8.781300000000000239e+01
-7.959499999999999886e+01
-8.055599999999999739e+01
-8.219899999999999807e+01
-8.097499999999999432e+01
-8.254500000000000171e+01
-8.127100000000000080e+01
-8.050100000000000477e+01
-7.871899999999999409e+01
-7.759799999999999898e+01
-8.070199999999999818e+01
-7.906399999999999295e+01
-1.242999999999999972e+02
-1.581200000000000045e+02
-1.576790000000000020e+02
-1.570099999999999909e+02
-1.581239999999999952e+02
-1.564250000000000114e+02
-1.549679999999999893e+02
-1.577520000000000095e+02
1.447880000000000109e+02
1.714019999999999868e+02
1.448120000000000118e+02
1.456620000000000061e+02
-9.023799999999999955e+01
-9.053100000000000591e+01
-9.248300000000000409e+01
-2.300000000000000000e+01
-2.300000000000000000e+01
-3.800000000000000000e+01
-3.800000000000000000e+01
0.000000000000000000e+00
-1.000000000000000000e+01
-1.000000000000000000e+01
-1.000000000000000000e+01
8.000000000000000000e+00
-3.500000000000000000e+01
-3.800000000000000000e+01
-3.000000000000000000e+01
-3.200000000000000000e+01
-3.400000000000000000e+01
-2.300000000000000000e+01
-2.300000000000000000e+01
-3.800000000000000000e+01
-3.800000000000000000e+01
1.000000000000000056e-01
2.700000000000000178e+00
-3.500000000000000000e+00
-3.600000000000000089e+00
6.999999999999999556e-01
1.699999999999999956e+00
-3.799999999999999822e+00
2.100999999999999979e+00
1.699999999999999956e+00
2.799999999999999822e+00
2.799999999999999822e+00
1.699999999999999956e+00
1.500000000000000000e+00
1.100000000000000089e+00
6.999999999999999556e-01
5.000000000000000000e-01
1.100000000000000089e+00
5.000000000000000000e-01
1.699999999999999956e+00
1.500000000000000000e+00
0.000000000000000000e+00
1.699999999999999956e+00
1.199999999999999956e+00
-6.670199999999999818e+01
-6.563100000000000023e+01
-6.715900000000000603e+01
-6.676200000000000045e+01
-6.544400000000000261e+01
-6.583299999999999841e+01
-8.013700000000000045e+01
-9.217600000000000193e+01
-1.224459999999999980e+02
-1.173199999999999932e+02
-4.813400000000000034e+01
-7.801500000000000057e+01
-7.729999999999999716e+01
-8.129200000000000159e+01
-8.053300000000000125e+01
-8.021999999999999886e+01
-6.472299999999999898e+01
-6.463500000000000512e+01
-8.427500000000000568e+01
-7.310599999999999454e+01
-7.581000000000000227e+01
-7.112699999999999534e+01
-7.571999999999999886e+01
-7.559099999999999397e+01
-6.340800000000000125e+01
-1.242439999999999998e+02
-1.243130000000000024e+02
-1.247399999999999949e+02
-1.234689999999999941e+02
-1.208589999999999947e+02
-1.198029999999999973e+02
-1.194350000000000023e+02
-1.207819999999999965e+02
-1.198810000000000002e+02
-1.184459999999999980e+02
-1.186329999999999956e+02
-1.183169999999999931e+02
-1.177669999999999959e+02
-1.174710000000000036e+02
-1.173919999999999959e+02
-1.173529999999999944e+02
-1.174440000000000026e+02
-1.194170000000000016e+02
-1.245490000000000066e+02
-1.180120000000000005e+02
-1.173700000000000045e+02
-1.174309999999999974e+02
-1.191680000000000064e+02
-1.171670000000000016e+02
-1.219470000000000027e+02
-1.226340000000000003e+02
-1.195499999999999972e+02
-1.221020000000000039e+02
-1.219069999999999965e+02
-1.172920000000000016e+02
-1.174389999999999930e+02
-1.241290000000000049e+02
-1.243559999999999945e+02
-1.193080000000000069e+02
-1.228329999999999984e+02
-1.246449999999999960e+02
-1.197079999999999984e+02
-1.190900000000000034e+02
-1.195520000000000067e+02
-1.181839999999999975e+02
-1.172669999999999959e+02
-1.583029999999999973e+02
-1.595749999999999886e+02
-1.704929999999999950e+02
-1.172570000000000050e+02
-1.460399999999999920e+02
-1.502789999999999964e+02
-1.641339999999999861e+02
-1.652460000000000093e+02
-1.459790000000000134e+02
-9.244299999999999784e+01
-9.064799999999999613e+01
-8.922299999999999898e+01
-8.809199999999999875e+01
-8.910399999999999920e+01
-9.489799999999999613e+01
-8.923600000000000421e+01
-8.896099999999999852e+01
-8.864499999999999602e+01
-8.911700000000000443e+01
-8.901300000000000523e+01
-9.057099999999999795e+01
-9.239600000000000080e+01
-8.929000000000000625e+01
-9.490000000000000568e+01
-9.078300000000000125e+01
-8.927800000000000580e+01
-1.666020000000000039e+02
0.000000000000000000e+00
0.000000000000000000e+00
0.000000000000000000e+00
0.000000000000000000e+00
-8.905599999999999739e+01
-8.955100000000000193e+01
-8.023600000000000421e+01
-8.056699999999999307e+01
-7.992499999999999716e+01
-7.993800000000000239e+01
-7.891800000000000637e+01
-9.118999999999999773e+01
-1.652479999999999905e+02
-7.442000000000000171e+01
-7.471999999999999886e+01
-7.420000000000000284e+01
-7.400400000000000489e+01
-7.403000000000000114e+01
-8.869599999999999795e+01
-9.489900000000000091e+01
-9.705100000000000193e+01
-9.650000000000000000e+01
-9.403700000000000614e+01
-9.359699999999999420e+01
-9.684300000000000352e+01
-9.600600000000000023e+01
-9.424099999999999966e+01
-9.364199999999999591e+01
-9.108700000000000330e+01
-9.679600000000000648e+01
-9.740500000000000114e+01
-9.506699999999999307e+01
-9.702400000000000091e+01
-9.591400000000000148e+01
-9.479399999999999693e+01
-9.489600000000000080e+01
-9.439000000000000057e+01
-9.731799999999999784e+01
-9.512199999999999989e+01
-9.507899999999999352e+01
-9.526600000000000534e+01
-9.720399999999999352e+01
-9.748600000000000421e+01
-9.676800000000000068e+01
-9.723699999999999477e+01
-9.716700000000000159e+01
-9.639600000000000080e+01
-9.742400000000000659e+01
-9.393099999999999739e+01
-9.728499999999999659e+01
-9.451300000000000523e+01
-9.747100000000000364e+01
-9.707200000000000273e+01
-9.696699999999999875e+01
-9.671200000000000330e+01
-9.561700000000000443e+01
-9.738899999999999579e+01
-9.660899999999999466e+01
-8.257099999999999795e+01
-8.255200000000000671e+01
0.000000000000000000e+00
-8.882599999999999341e+01
-7.571399999999999864e+01
-7.376999999999999602e+01
-7.504600000000000648e+01
-7.573900000000000432e+01
-7.558700000000000330e+01
-7.506999999999999318e+01
-1.192570000000000050e+02
-8.731300000000000239e+01
-8.690999999999999659e+01
-8.648999999999999488e+01
-8.756300000000000239e+01
-5.000000000000000000e+00
-2.299999999999999822e+00
-1.242999999999999972e+01
-4.400000000000000355e+00
-1.355000000000000071e+01
-2.899999999999999911e+00
-1.257000000000000028e+01
-6.099999999999999645e+00
-1.950000000000000000e+01
-8.470000000000000639e+00
-4.419999999999999929e+00
-5.099999999999999645e+00
1.800000000000000044e+00
0.000000000000000000e+00
-1.141999999999999993e+01
-4.166999999999999815e+00
-7.532999999999999829e+01
-7.063200000000000500e+01
-1.660689999999999884e+02
-1.578650000000000091e+02
-7.613299999999999557e+01
-8.560399999999999920e+01
-8.549299999999999500e+01
-8.560699999999999932e+01
-8.655899999999999750e+01
-9.193000000000000682e+01
-9.184000000000000341e+01
-7.016899999999999693e+01
-7.509199999999999875e+01
-7.593600000000000705e+01
-1.223970000000000056e+02
-1.227300000000000040e+02
-1.228029999999999973e+02
-1.230079999999999956e+02
-1.231119999999999948e+02
-1.226269999999999953e+02
-8.784999999999999432e+01
-8.776000000000000512e+01
-8.864700000000000557e+01
-7.313299999999999557e+01
-7.549200000000000443e+01
-7.639900000000000091e+01
-7.650000000000000000e+01
-7.640399999999999636e+01
-7.650000000000000000e+01
-8.942300000000000182e+01
-9.015000000000000568e+01
-8.873799999999999955e+01
-8.437000000000000455e+01
-8.558499999999999375e+01
-5.001700000000000301e+01
-3.800000000000000000e+01
-5.101700000000000301e+01
-1.578990000000000009e+02
