   16.20  -37.10 
   17.00  -38.20 
   17.30  -39.40 
   17.60  -41.70 
   18.50  -43.00 
   19.50  -44.10 
   19.50  -45.20 
   20.70  -46.20 
   21.70  -46.90 
   22.50  -47.50 
   23.40  -48.50 
   24.00  -49.70 
   24.70  -50.70 
   25.40  -52.10 
   26.20  -53.30 
   26.90  -54.50 
   27.30  -55.50 
   28.00  -56.50 
   29.00  -56.90 
   30.20  -57.30 
   31.10  -57.80 
   32.30  -57.50 
   33.50  -56.40 
   35.10  -55.40 
   36.40  -53.30 
   37.80  -51.20 
   38.70  -48.20 
   39.60  -45.30 
   39.90  -42.70 
   39.90  -41.30 
   39.90  -39.20 
   39.80  -38.50 
   39.50  -38.30
