2014.0264   63.505
2014.0536   60.742
2014.0807   55.616
2014.1079   57.977
2014.1350   60.355
2014.1621   62.886
2014.1893   64.307
2014.2164   59.438
2014.2436   56.694
2014.2707   55.916
2014.2979   58.198
2014.3250   58.295
2014.3522   58.121
2014.3793   56.590
2014.4065   56.977
2014.4336   55.457
2014.4608   57.296
2014.4879   65.153
2014.5151   65.299
2014.5422   64.073
2014.5694   60.056
2014.5965   62.204
2014.6237   68.216
2014.6508   73.087
2014.6780   71.644
2014.7051   70.704
2014.7323   63.553
2014.7594   66.706
2014.7866   73.480
2014.8137   74.797
2014.8409   70.926
2014.8680   70.008
2014.8951   63.549
2014.9223   64.800
2014.9494   72.902
2014.9766   71.664
2015.0037   66.816
2015.0309   64.067
2015.0580   60.616
2015.0852   66.470
2015.1123   67.151
2015.1395   72.067
2015.1666   71.649
2015.1938   64.948
2015.2209   62.603
2015.2481   67.588
2015.2752   68.952
2015.3024   71.908
2015.3295   71.539
2015.3567   64.658
